image: /home/kudan/ws/nav2//map.pgm
resolution: 0.030000
origin: [-16.005000, -20.654999, 0.0]
negate: 0
occupied_thresh: 0.970000
free_thresh: 0.120000
