image: /ros2_ws/map/map.pgm
resolution: 0.030000
origin: [-12.045000, -28.064999, 0.0]
negate: 0
occupied_thresh: 0.970000
free_thresh: 0.120000
